[gd_scene load_steps=11 format=3 uid="uid://cvp80r0s4kkmk"]

[ext_resource type="PackedScene" uid="uid://bed0dbquna2an" path="res://furniture/desk/scene.gltf" id="1_nllvt"]
[ext_resource type="Script" uid="uid://dnocscyviv226" path="res://script/interactable/interactable.gd" id="2_lvdph"]
[ext_resource type="Script" uid="uid://bkjeaysbq8c4y" path="res://furniture/drawer.gd" id="2_t4rf5"]
[ext_resource type="PackedScene" uid="uid://60ie0pfi7q6r" path="res://generation_templates/items/random_item.tscn" id="4_4fudx"]
[ext_resource type="Script" uid="uid://dywgw7sxcfrui" path="res://generation_templates/pick_random_weighted.gd" id="5_2gj01"]

[sub_resource type="BoxShape3D" id="BoxShape3D_t4rf5"]
size = Vector3(0.535889, 0.211426, 0.055603)

[sub_resource type="BoxShape3D" id="BoxShape3D_bp7b1"]
size = Vector3(0.538025, 0.0189819, 0.833008)

[sub_resource type="BoxShape3D" id="BoxShape3D_87ayv"]
size = Vector3(0.855042, 0.794418, 0.0553589)

[sub_resource type="BoxShape3D" id="BoxShape3D_qi6xt"]
size = Vector3(0.855957, 0.0644703, 2.04083)

[sub_resource type="BoxShape3D" id="BoxShape3D_i5nvs"]
size = Vector3(0.0473633, 0.786377, 2.05432)

[node name="Desk" instance=ExtResource("1_nllvt")]
metadata/_edit_lock_ = true

[node name="handle1_lp_001" parent="Sketchfab_model/desk_fbx/RootNode" index="1" node_paths=PackedStringArray("hitbox")]
script = ExtResource("2_t4rf5")
hitbox = NodePath("Area3D")

[node name="Area3D" type="Area3D" parent="Sketchfab_model/desk_fbx/RootNode/handle1_lp_001" index="1"]
collision_layer = 8
collision_mask = 0
monitoring = false
script = ExtResource("2_lvdph")

[node name="CollisionShape3D" type="CollisionShape3D" parent="Sketchfab_model/desk_fbx/RootNode/handle1_lp_001/Area3D" index="0"]
transform = Transform3D(1, 0, 0, 0, 1, 2.65916e-22, 0, 2.65916e-22, 1, -0.000121891, -0.0231934, -0.00863647)
shape = SubResource("BoxShape3D_t4rf5")

[node name="CollisionShape3D2" type="CollisionShape3D" parent="Sketchfab_model/desk_fbx/RootNode/handle1_lp_001/Area3D" index="1"]
transform = Transform3D(1, 0, 0, 0, 1, 2.65916e-22, 0, 2.65916e-22, 1, -0.0025323, -0.118195, -0.425049)
shape = SubResource("BoxShape3D_bp7b1")

[node name="RandomItem" parent="Sketchfab_model/desk_fbx/RootNode/handle1_lp_001" index="2" instance=ExtResource("4_4fudx")]
transform = Transform3D(-0.828891, 2.22045e-16, 0.55941, -2.44526e-08, 1, -3.6232e-08, -0.55941, -4.37114e-08, -0.828891, -0.118904, -0.0896882, -0.251774)

[node name="handle2_lp_001" parent="Sketchfab_model/desk_fbx/RootNode" index="2" node_paths=PackedStringArray("hitbox")]
script = ExtResource("2_t4rf5")
hitbox = NodePath("Area3D")

[node name="Area3D" type="Area3D" parent="Sketchfab_model/desk_fbx/RootNode/handle2_lp_001" index="1"]
collision_layer = 8
collision_mask = 0
monitoring = false
script = ExtResource("2_lvdph")

[node name="CollisionShape3D" type="CollisionShape3D" parent="Sketchfab_model/desk_fbx/RootNode/handle2_lp_001/Area3D" index="0"]
transform = Transform3D(1, 0, 0, 0, 1, 2.65916e-22, 0, 2.65916e-22, 1, -0.000121891, -0.0231934, -0.00863647)
shape = SubResource("BoxShape3D_t4rf5")

[node name="CollisionShape3D2" type="CollisionShape3D" parent="Sketchfab_model/desk_fbx/RootNode/handle2_lp_001/Area3D" index="1"]
transform = Transform3D(1, 0, 0, 0, 1, 2.65916e-22, 0, 2.65916e-22, 1, -0.0025323, -0.118195, -0.425049)
shape = SubResource("BoxShape3D_bp7b1")

[node name="RandomItem" parent="Sketchfab_model/desk_fbx/RootNode/handle2_lp_001" index="2" instance=ExtResource("4_4fudx")]
transform = Transform3D(0.820132, -2.50105e-08, -0.572174, 2.50105e-08, 1, -7.86228e-09, 0.572174, -7.86229e-09, 0.820132, 0.0432765, -0.0880643, -0.496651)

[node name="handle2_lp_002" parent="Sketchfab_model/desk_fbx/RootNode" index="3" node_paths=PackedStringArray("hitbox")]
script = ExtResource("2_t4rf5")
hitbox = NodePath("Area3D")

[node name="Area3D" type="Area3D" parent="Sketchfab_model/desk_fbx/RootNode/handle2_lp_002" index="1"]
transform = Transform3D(1, 0, 0, 0, 1, 2.65916e-22, 0, 2.65916e-22, 1, 0, 0, 0)
collision_layer = 8
collision_mask = 0
monitoring = false
script = ExtResource("2_lvdph")

[node name="CollisionShape3D" type="CollisionShape3D" parent="Sketchfab_model/desk_fbx/RootNode/handle2_lp_002/Area3D" index="0"]
transform = Transform3D(1, 0, 0, 0, 1, 2.65916e-22, 0, 2.65916e-22, 1, -0.000121891, -0.0231934, -0.00863647)
shape = SubResource("BoxShape3D_t4rf5")

[node name="CollisionShape3D2" type="CollisionShape3D" parent="Sketchfab_model/desk_fbx/RootNode/handle2_lp_002/Area3D" index="1"]
transform = Transform3D(1, 0, 0, 0, 1, 2.65916e-22, 0, 2.65916e-22, 1, -0.0025323, -0.118195, -0.425049)
shape = SubResource("BoxShape3D_bp7b1")

[node name="RandomItem" parent="Sketchfab_model/desk_fbx/RootNode/handle2_lp_002" index="2" instance=ExtResource("4_4fudx")]
transform = Transform3D(-0.102011, 4.34834e-08, 0.994783, -4.34834e-08, 1, -4.81704e-08, -0.994783, -4.81704e-08, -0.102011, 0.0885112, -0.0854215, -0.196568)

[node name="handle1_lp_003" parent="Sketchfab_model/desk_fbx/RootNode" index="4" node_paths=PackedStringArray("hitbox")]
script = ExtResource("2_t4rf5")
hitbox = NodePath("Area3D")

[node name="Area3D" type="Area3D" parent="Sketchfab_model/desk_fbx/RootNode/handle1_lp_003" index="1"]
collision_layer = 8
collision_mask = 0
monitoring = false
script = ExtResource("2_lvdph")

[node name="CollisionShape3D" type="CollisionShape3D" parent="Sketchfab_model/desk_fbx/RootNode/handle1_lp_003/Area3D" index="0"]
transform = Transform3D(1, 0, 0, 0, 1, 2.65916e-22, 0, 2.65916e-22, 1, -0.000121891, -0.0231934, -0.00863647)
shape = SubResource("BoxShape3D_t4rf5")

[node name="CollisionShape3D2" type="CollisionShape3D" parent="Sketchfab_model/desk_fbx/RootNode/handle1_lp_003/Area3D" index="1"]
transform = Transform3D(1, 0, 0, 0, 1, 2.65916e-22, 0, 2.65916e-22, 1, -0.0025323, -0.118195, -0.425049)
shape = SubResource("BoxShape3D_bp7b1")

[node name="RandomItem" parent="Sketchfab_model/desk_fbx/RootNode/handle1_lp_003" index="2" instance=ExtResource("4_4fudx")]
transform = Transform3D(0.94508, -1.42866e-08, -0.326839, 1.42866e-08, 1, -2.40062e-09, 0.326839, -2.40062e-09, 0.94508, -0.0138474, -0.0849596, -0.514518)

[node name="handle2_lp_003" parent="Sketchfab_model/desk_fbx/RootNode" index="5" node_paths=PackedStringArray("hitbox")]
script = ExtResource("2_t4rf5")
hitbox = NodePath("Area3D")

[node name="Area3D" type="Area3D" parent="Sketchfab_model/desk_fbx/RootNode/handle2_lp_003" index="1"]
collision_layer = 8
collision_mask = 0
monitoring = false
script = ExtResource("2_lvdph")

[node name="CollisionShape3D" type="CollisionShape3D" parent="Sketchfab_model/desk_fbx/RootNode/handle2_lp_003/Area3D" index="0"]
transform = Transform3D(1, 0, 0, 0, 1, 2.65916e-22, 0, 2.65916e-22, 1, -0.000121891, -0.0231934, -0.00863647)
shape = SubResource("BoxShape3D_t4rf5")

[node name="CollisionShape3D2" type="CollisionShape3D" parent="Sketchfab_model/desk_fbx/RootNode/handle2_lp_003/Area3D" index="1"]
transform = Transform3D(1, 0, 0, 0, 1, 2.65916e-22, 0, 2.65916e-22, 1, -0.0025323, -0.118195, -0.425049)
shape = SubResource("BoxShape3D_bp7b1")

[node name="RandomItem" parent="Sketchfab_model/desk_fbx/RootNode/handle2_lp_003" index="2" instance=ExtResource("4_4fudx")]
transform = Transform3D(-0.766123, 2.80931e-08, 0.642694, -2.8093e-08, 1, -7.71997e-08, -0.642694, -7.71997e-08, -0.766123, -0.0913802, -0.0868115, -0.197566)

[node name="handle2_lp_004" parent="Sketchfab_model/desk_fbx/RootNode" index="6" node_paths=PackedStringArray("hitbox")]
script = ExtResource("2_t4rf5")
hitbox = NodePath("Area3D")

[node name="Area3D" type="Area3D" parent="Sketchfab_model/desk_fbx/RootNode/handle2_lp_004" index="1"]
collision_layer = 8
collision_mask = 0
monitoring = false
script = ExtResource("2_lvdph")

[node name="CollisionShape3D" type="CollisionShape3D" parent="Sketchfab_model/desk_fbx/RootNode/handle2_lp_004/Area3D" index="0"]
transform = Transform3D(1, 0, 0, 0, 1, 2.65916e-22, 0, 2.65916e-22, 1, -0.000121891, -0.0231934, -0.00863647)
shape = SubResource("BoxShape3D_t4rf5")

[node name="CollisionShape3D2" type="CollisionShape3D" parent="Sketchfab_model/desk_fbx/RootNode/handle2_lp_004/Area3D" index="1"]
transform = Transform3D(1, 0, 0, 0, 1, 2.65916e-22, 0, 2.65916e-22, 1, -0.0025323, -0.118195, -0.425049)
shape = SubResource("BoxShape3D_bp7b1")

[node name="RandomItem2" parent="Sketchfab_model/desk_fbx/RootNode/handle2_lp_004" index="2" instance=ExtResource("4_4fudx")]
transform = Transform3D(0.937294, -1.52351e-08, -0.348539, 1.52351e-08, 1, -2.74096e-09, 0.348539, -2.74096e-09, 0.937294, 0.0856052, -0.0898719, -0.326767)

[node name="Hitbox" type="StaticBody3D" parent="." index="1"]
collision_mask = 0
metadata/_edit_lock_ = true

[node name="CollisionShape3D" type="CollisionShape3D" parent="Hitbox" index="0"]
transform = Transform3D(1, 0, 0, 0, 1, 0, 0, 0, 1, 0.000335693, 0.397972, 1.00406)
shape = SubResource("BoxShape3D_87ayv")

[node name="CollisionShape3D2" type="CollisionShape3D" parent="Hitbox" index="1"]
transform = Transform3D(1, 0, 0, 0, 1, 0, 0, 0, 1, 0.000335693, 0.397972, -0.999806)
shape = SubResource("BoxShape3D_87ayv")

[node name="CollisionShape3D4" type="CollisionShape3D" parent="Hitbox" index="2"]
transform = Transform3D(1, 0, 0, 0, 1, 0, 0, 0, 1, 0.000335693, 0.397972, 0.407691)
shape = SubResource("BoxShape3D_87ayv")

[node name="CollisionShape3D5" type="CollisionShape3D" parent="Hitbox" index="3"]
transform = Transform3D(1, 0, 0, 0, 1, 0, 0, 0, 1, 0.000335693, 0.397972, -0.408677)
shape = SubResource("BoxShape3D_87ayv")

[node name="CollisionShape3D3" type="CollisionShape3D" parent="Hitbox" index="4"]
transform = Transform3D(1, 0, 0, 0, 1, 0, 0, 0, 1, 0.00219727, 0.764506, 0.00656128)
shape = SubResource("BoxShape3D_qi6xt")

[node name="CollisionShape3D6" type="CollisionShape3D" parent="Hitbox" index="5"]
transform = Transform3D(1, 0, 0, 0, 1, 0, 0, 0, 1, -0.406006, 0.405396, 0.000793457)
shape = SubResource("BoxShape3D_i5nvs")

[node name="TopItems" type="Node3D" parent="." index="2"]
script = ExtResource("5_2gj01")

[node name="RandomItem" parent="TopItems" index="0" instance=ExtResource("4_4fudx")]
transform = Transform3D(0.8789, 0, -0.477005, 0, 1, 0, 0.477005, 0, 0.8789, 0.128659, 0.816785, 0.620261)

[node name="RandomItem2" parent="TopItems" index="1" instance=ExtResource("4_4fudx")]
transform = Transform3D(0.991866, 0, 0.12729, 0, 1, 0, -0.12729, 0, 0.991866, -0.151935, 0.816785, -0.650027)

[node name="RandomItem3" parent="TopItems" index="2" instance=ExtResource("4_4fudx")]
transform = Transform3D(0.765854, 0, 0.643015, 0, 1, 0, -0.643015, 0, 0.765854, 0.028967, 0.816785, -0.00166774)
